30 205.20
40 307.90
50 414.70
60 529.60
70 645.50
80 769.80
90 899.90
100 1025.60
110 1160.50
120 1288.30
130 1422.00
140 1570.40
150 1708.20
160 1856.10
170 2009.30
180 2148.80
190 2303.30
200 2449.20
210 2605.90
220 2761.20
230 2901.50
240 3061.20
250 3213.20
260 3374.80
270 3539.30
280 3693.70
290 3858.40
300 4022.80
310 4187.90
320 4361.40
330 4521.40
340 4681.00
350 4870.10
360 5021.60
370 5182.50
380 5371.60
390 5528.80
400 5710.00
410 5868.60
420 6040.70
430 6218.50
440 6385.80
450 6551.20
460 6733.70
470 6901.40
480 7078.70
490 7256.70
500 7417.20
510 7595.50
520 7772.90
530 7969.40
540 8145.90
550 8328.50
560 8518.90
570 8697.90
580 8867.50
590 9062.90
600 9253.00
610 9443.60
620 9624.10
630 9818.10
640 9991.80
650 10166.50
660 10356.60
670 10565.10
680 10743.40
690 10940.80
700 11128.00
710 11295.40
720 11477.80
730 11673.60
740 11872.80
750 12065.10
760 12246.70
770 12428.50
780 12632.80
790 12815.20
800 13007.30
810 13191.10
820 13387.40
830 13591.40
840 13769.50
850 13967.40
860 14162.10
870 14342.10
880 14543.40
890 14730.60
900 14914.70
910 15114.60
920 15313.20
930 15500.30
940 15694.70
950 15879.50
960 16076.30
970 16272.80
980 16461.00
990 16678.00
1000 16858.80
