30 216.50
40 390.90
50 618.60
60 835.50
70 1235.20
80 1560.60
90 2026.70
100 2490.00
110 2845.30
120 3508.40
130 4329.20
140 5052.00
150 5598.90
160 6442.40
170 7217.80
180 8187.20
190 9189.20
200 9832.70
210 11042.30
220 12177.40
230 13194.90
240 13928.40
250 15648.30
260 17224.60
270 18012.90
280 19518.00
290 20764.20
300 22460.50
310 24281.30
320 25167.30
330 27550.90
340 29734.70
350 30093.90
360 32611.40
370 34003.70
380 35455.10
390 38143.20
400 39182.30
410 42013.50
420 44658.80
430 46554.70
440 48723.80
450 51826.60
460 52529.30
470 55052.80
480 57077.10
490 59345.00
500 62225.50
510 65875.10
520 66770.40
530 68886.90
540 71265.50
550 75624.10
560 77677.20
570 80316.20
580 82580.90
590 86522.30
600 89255.70
610 92171.50
620 95287.70
630 99226.90
640 100601.60
650 106941.90
660 108764.30
670 111626.50
680 115469.40
690 118318.70
700 121591.20
710 127228.10
720 128525.00
730 133014.80
740 137798.50
750 140412.50
760 143276.10
770 147594.10
780 151876.60
790 154547.50
800 159330.40
810 163966.50
820 166430.60
830 174262.80
840 174294.80
850 178078.60
860 185255.60
870 188942.60
880 191205.60
890 198520.50
900 202280.20
910 207876.80
920 212165.00
930 214891.20
940 220224.40
950 226298.90
960 228513.70
970 235386.50
980 240525.50
990 246277.50
1000 251191.50
