30 109.80
40 166.00
50 221.60
60 282.40
70 343.10
80 407.90
90 475.70
100 540.50
110 611.50
120 678.00
130 748.90
140 826.10
150 897.00
160 974.80
170 1049.30
180 1125.50
190 1204.60
200 1280.00
210 1361.00
220 1440.60
230 1514.50
240 1596.10
250 1680.50
260 1757.70
270 1846.00
280 1928.00
290 2007.80
300 2096.10
310 2181.20
320 2269.30
330 2346.50
340 2435.70
350 2524.60
360 2610.70
370 2702.50
380 2784.60
390 2867.10
400 2961.20
410 3047.70
420 3133.10
430 3229.90
440 3318.10
450 3402.80
460 3496.60
470 3587.90
480 3672.40
490 3757.90
500 3855.90
510 3946.10
520 4037.40
530 4130.70
540 4228.60
550 4321.00
560 4412.00
570 4511.50
580 4608.60
590 4692.70
600 4796.60
610 4885.70
620 4989.00
630 5068.60
640 5167.90
650 5267.10
660 5361.00
670 5462.40
680 5553.20
690 5654.80
700 5745.60
710 5849.70
720 5931.50
730 6044.10
740 6131.90
750 6218.70
760 6325.60
770 6436.70
780 6531.40
790 6626.90
800 6711.70
810 6808.40
820 6913.00
830 7017.90
840 7107.60
850 7206.70
860 7306.50
870 7407.20
880 7513.00
890 7610.50
900 7704.20
910 7818.40
920 7909.40
930 8009.80
940 8108.30
950 8209.20
960 8311.30
970 8410.20
980 8501.60
990 8618.10
1000 8709.10
