30 123.30
40 195.50
50 261.50
60 345.10
70 385.90
80 531.50
90 583.30
100 640.60
110 701.60
120 799.40
130 919.90
140 965.70
150 1079.70
160 1187.90
170 1259.40
180 1368.40
190 1456.00
200 1578.80
210 1690.50
220 1776.60
230 1889.50
240 1925.10
250 2102.70
260 2052.10
270 2276.80
280 2500.80
290 2524.60
300 2597.60
310 2675.20
320 2748.40
330 2964.20
340 3020.70
350 3032.30
360 3319.40
370 3312.30
380 3505.90
390 3582.30
400 3699.60
410 3787.20
420 3845.50
430 3963.10
440 4156.00
450 4242.70
460 4416.20
470 4498.20
480 4504.60
490 4662.40
500 4793.50
510 5042.90
520 5127.90
530 5167.70
540 5380.40
550 5438.60
560 5613.10
570 5732.00
580 5803.50
590 5917.10
600 5891.60
610 6090.70
620 6206.40
630 6176.40
640 6368.90
650 6637.20
660 6780.80
670 6853.40
680 6830.80
690 7113.50
700 7099.80
710 7391.10
720 7111.80
730 7827.40
740 7698.00
750 7676.90
760 7937.90
770 8147.40
780 8473.80
790 8447.50
800 8356.40
810 8560.00
820 8629.70
830 8836.40
840 8757.40
850 9087.50
860 9155.20
870 9336.30
880 9393.10
890 9358.00
900 9634.00
910 9808.20
920 9661.70
930 10382.90
940 9983.80
950 10258.30
960 10438.50
970 10652.80
980 10929.20
990 10766.00
1000 10764.70
